======================
[[0.91056137 0.06232339 0.00758193]
 [0.         0.         0.        ]
 [0.         0.         0.        ]]
======================
[[ 0.9879425  -0.02398712  0.02095645]
 [ 0.00779503  0.03057514 -0.01916683]
 [ 0.02660555  0.0195069   0.03086275]]
======================
[[0.9762732  0.01221831 0.18885707]
 [0.         0.         0.        ]
 [0.         0.         0.        ]]
======================
[[ 0.84035873 -0.01182231 -0.07908487]
 [-0.07956814 -0.08350666 -0.02960705]
 [-0.16890419  0.03226552 -0.08009635]]
======================
[[ 9.85678445e-01  1.45883575e-02  1.49688342e-02]
 [ 2.97751014e-02 -1.03762807e-01 -8.07704484e-04]
 [-7.39375294e-02  1.26786667e-03 -1.03761522e-01]]
======================
[[0.84753014 0.         0.        ]
 [0.00224713 0.         0.        ]
 [0.02865504 0.         0.        ]]
======================
[[8.18027566e-01 0.00000000e+00 0.00000000e+00]
 [1.02856840e-04 0.00000000e+00 0.00000000e+00]
 [2.13946311e-01 0.00000000e+00 0.00000000e+00]]
======================
[[ 0.54518327  0.          0.        ]
 [-0.00872167  0.          0.        ]
 [ 0.00819418  0.          0.        ]]
======================
[[ 0.871252    0.01757685 -0.01920364]
 [ 0.          0.          0.        ]
 [ 0.          0.          0.        ]]
======================
[[ 0.98251541 -0.00725206 -0.00394401]
 [ 0.          0.          0.        ]
 [ 0.          0.          0.        ]]
======================
[[0.68921008 0.         0.        ]
 [0.13336523 0.         0.        ]
 [0.01359085 0.         0.        ]]
======================
[[0.9923709  0.00615007 0.21301741]
 [0.         0.         0.        ]
 [0.         0.         0.        ]]
======================
[[ 0.85455426 -0.01726804 -0.0154458 ]
 [ 0.          0.          0.        ]
 [ 0.          0.          0.        ]]
======================
[[ 0.87087093 -0.04268223  0.00359025]
 [ 0.          0.          0.        ]
 [ 0.          0.          0.        ]]
======================
[[ 0.80246115 -0.00086799 -0.08806418]
 [ 0.          0.          0.        ]
 [ 0.          0.          0.        ]]
======================
[[ 0.91242349  0.01462119 -0.02531911]
 [-0.04766778 -0.00792491 -0.01403608]
 [-0.06047938  0.01406701 -0.00697255]]
======================
[[ 0.9782832   0.          0.        ]
 [ 0.01555022  0.          0.        ]
 [-0.07418443  0.          0.        ]]
======================
[[ 0.98496609  0.08723556  0.24971813]
 [ 0.07940809 -0.22986648 -0.02440039]
 [-0.01935645  0.05082978 -0.20631008]]
======================
[[ 0.53395113 -0.12540023 -0.13135178]
 [ 0.          0.          0.        ]
 [ 0.          0.          0.        ]]
======================
[[ 0.25188867  0.          0.        ]
 [-0.1282124   0.          0.        ]
 [ 0.04023686  0.          0.        ]]
======================
[[ 0.20913293  0.          0.        ]
 [-0.04256662  0.          0.        ]
 [ 0.0387112   0.          0.        ]]
======================
[[ 0.17000346 -0.31197885  0.09874017]
 [ 0.          0.          0.        ]
 [ 0.          0.          0.        ]]
======================
[[ 0.07541088 -0.23914715 -0.01398673]
 [ 0.          0.          0.        ]
 [ 0.          0.          0.        ]]
======================
[[ 0.09206758 -0.23915207  0.01342131]
 [ 0.          0.          0.        ]
 [ 0.          0.          0.        ]]
======================
[[ 0.08099512 -0.17905294 -0.01753239]
 [ 0.          0.          0.        ]
 [ 0.          0.          0.        ]]
======================
[[ 0.93135388  0.11523512  0.06317309]
 [-0.03903009  0.03469966 -0.02031202]
 [ 0.00534438  0.01775233  0.03486269]]
